0366347488
0962526099
0984186214
0972130913
0911758569
0567155456
0366633305
0905724427
0765544465
0335623010
0969960017
0926407020
0972469224
0966626263
0973537549
0335902359
0989683819
0335051056
0365498850
0588063098
0358169179
0988652171
0948224175
0564577294
0945666599
0945511265
0773721958
0923098804
0334337176
0939679677
0988330591
0962496189
0901626183
0939600997
0777138997
0986315756
0589350755
0566712055
0566401733
0583952337
0566827282
0971705995
0584179530
0327592203
0975339865
0764798048
0347300003
0931412742
0382312598
0839339539
0924450290
0326964008
0389850354
0332104400
0568882721
0923880189
0844922013
0934146777
0339927587
0396767482
0976514298
0334582982
0943873134
0973009984
0388576055
0909729962
0963727518
0968220037
0567767096
0348592969
0984835101
0362860088
0704891746
0975920148
0583600860
0937373889
0972729490
0388492410
0844978251
0769614876
0397925807
0966771907
0843242211
0962943315
0565256639
0336624596
0356516812
0966121207
0764088864
0712383009
0938557367
0858151152
0585122373
0927680833
0585511103
0776960065
0565713833
0337575189
0907119691
0354079475
0943166736
0844925052
0385370455
0786574980
0368757355
0345081045
0984855263
0582303404
0379887017
0976475841
0974748718
0354693451
0386897651
0785547540
0373484381
0947237387
0925613522
0376952086
0334337297
0985982884
0398424434
0585522681
0366832937
0833493349
0963870406
0927563360
0565139237
0839891554
0946682640
0398250524
0714484439
0988753831
0938276294
0789822605
0928952199
0774985769
0986451764
0708795759
0928954910
0789973185
0774779308
0923637739
0583391800
0564689734
0397271833
0937553623
0374616379
0366448943
0354891439
0712636120
0354098968
0946671012
0707890328
0338251001
0974576142
0568197587
0974196072
0933958775
0934094566
0764406962
0925329990
0384593080
0935783474
0948381086
0978910919
0364106058
0378296398
0947940447
0382796876
0972166654
0327014242
0355333144
0352189994
0365737720
0775820401
0961225854
0925629862
0947853907
0353304014
0377722663
0362923823
0919468788
0919705086
0362732261
0768804423
0346182148
0385435077
0589946440
0962423354
0915785393
0326114493
0905322798
0905305827
0583449287
0329245441
0702982185
0393333409
0818967678
0941431906
0927240656
0984244438
0982480780
0353101950
0976691903
0927498945
0989929971
0778220820
0963326334
0565180859
0349686811
0976534815
0374270061
0963731725
0975857387
0774744356
0943083247
0908439254
0838861165
0943372721
0939223405
0934258385
0583898277
0389834090
0569668934
0965596014
0969042945
0589915021
0947160216
0909286085
0963874649
0942222222
0355470645
0988910148
0345594050
0394674569
0717451147
0384838022
0983062377
0348697990
0975156994
0717445282
0938081699
0386991812
0914480412
0788837397
0568569821
0385840520
0585595126
0947292377
0908098269
0923633782
0979147135
0383088103
0583301509
0566183016
0973062193
0394166207
0975902302
0328905048
0948831393
0397208289
0845678554
0713937175
0984269472
0968220185
0816090393
0335773481
0783268401
0707483190
0372233737
0982458130
0971890144
0359227338
0394994199
0393165088
0925778628
0395211853
0372676570
0926644285
0333049767
0961402877
0394194678
0925336400
0927066376
0343748477
0338678285
0337374857
0907284354
0909029883
0968682424
0838738160
0945111934
0379160671
0396771909
0586160542
0918546462
0379229096
0983754238
0357551558
0933574233
0833891011
0383162683
0374556480
0924256632
0911426141
0978187877
0901404041
0903775262
0937822302
0949099571
0367565679
0854848153
0769969456
0966068648
0387967978
0382556271
0766344887
0564177568
0827702914
0988550111
0373488161
0786239531
0384318410
0393912549
0385080838
0982063051
0385416094
0979210912
0334181416
0336828803
0772972578
0968090070
0569002884
0935017342
0972903581
0962118205
0356981738
0764308034
0565257512
0396071646
0396553079
0778079515
0393678475
0398874827
0386146646
0938333836
0365092716
0702824604
0393576122
0376929707
0978503056
0348335244
0966545976
0382188962
0326009290
0829033251
0337666106
0373722582
0936875891
0933499554
0712882750
0909619250
0368348052
0352408634
0949370308
0586789183
0569764381
0716956349
0914316545
0387975847
0905657834
0769674871
0719696596
0926119389
0398458429
0589033220
0395522376
0942140412
0772112035
0352751478
0902529848
0983790508
0338826764
0392241435
0374872506
0972414592
0366054858
0352560353
0962989700
0345152435
0335523007
0974642681
0973354626
0564271514
0852479442
0566432523
0378192609
0764875081
0987476105
0394336299
0397446917
0368646085
0789959770
0908903625
0777811184
0374674174
0902031137
0388204261
0379151142
0585844200
0566500916
0937865890
0983397993
0362220922
0904377618
0947653038
0717842311
0974725830
0718467322
0563767041
0353696179
0567762339
0947220070
0395529082
0372054287
0772186428
0963063098
0901067124
0937583297
0785901214
0985184425
0961129592
0567233459
0971680329
0838636595
0359472574
0908058357
0983643043
0858854878
0354005373
0396465545
0566855427
0913253742
0776882581
0925262040
0355145463
0903014227
0985172658
0328354978
0717950472
0378952315
0372023247
0969373916
0945195253
0964500250
0938862594
0933445894
0902972599
0356322867
0944519501
0352557717
0786096851
0842639351
0966833456
0386451347
0963841434
0987711471
0904562322
0968628589
0704701117
0978729162
0366093979
0775596622
0344000920
0947520765
0786668661
0779988056
0367962723
0348426148
0357909837
0386183382
0386446494
0933606087
0395497844
0569565320
0349220600
0945088520
0387581944
0347122004
0345145009
0334630639
0332817714
0337577066
0326005669
0988966023
0938824883
0944217344
0966559924
0769442626
0932677918
0965201120
0366976177
0977975228
0982833107
0923069706
0969274237
0963809970
0383427123
0389212454
0397973818
0944968077
0338270572
0338097785
0344490041
0976834884
0773296967
0949932515
0358300471
0335544932
0387221926
0963623146
0926828996
0717140072
0907353093
0368421426
0907490001
0938011314
0947802536
0358016079
0935147419
0852068636
0913095453
0826800069
0856241378
0815716700
0924225112
0988953468
0969419609
0902408163
0565162922
0327792583
0842966396
0773066279
0345134129
0833024054
0339580962
0986218591
0966604347
0997906391
0778023729
0356244678
0378185107
0356244996
0706384381
0763788730
0344236440
0367855683
0934546776
0335316989
0397768818
0823838738
0932508060
0985403973
0913344340
0981824544
0383446721
0928453117
0366869374
0981233343
0925254080
0356409267
0927242226
0935306551
0338142558
0909072394
0564167973
0784859113
0343435642
0354770106
0937303309
0563158604
0947380781
0924089656
0926960491
0567797180
0369294091
0396962009
0845592148
0566445131
0366914014
0393900527
0585660147
0363623611
0345192295
0988062066
0962468365
0719927213
0359181961
0565045457
0399496867
0982810232
0906811053
0376344922
0357111156
0583237067
0962529339
0901677828
0919322357
0356588088
0914291267
0949086920
0386148412
0935231497
0933879843
0397797544
0829940445
0372072616
0908852704
0765675353
0375193638
0358169095
0916787158
0842852262
0836705485
0383737747
0967585942
0963418448
0353490025
0822929818
0908909529
0702971980
0833334584
0922253771
0967466580
0589543468
0926536372
0394134336
0387575880
0357974191
0366637471
0773162876
0909227648
0972000660
0924431387
0913142214
0352929474
0384650465
0918986107
0964114117
0932158560
0923999994
0949948943
0368950462
0923024897
0932085518
0368673173
0855406428
0979837423
0902560124
0586085687
0364765100
0399186719
0347738426
0357885903
0915987851
0937494558
0354336795
0398304850
0379059543
0719978239
0328126799
0397419174
0979895077
0328457128
0934478828
0355598344
0565162878
0943748438
0775698081
0937009044
0975104414
0933223747
0938892313
0984491510
0346463196
0977977879
0379864594
0916659959
0326226723
0568036220
0568946164
0583539753
0976448908
0938080072
0394221234
0935379068
0358572218
0901303640
0938758055
0918701683
0333339772
0987287597
0971467372
0392634277
0982776126
0357083959
0969969621
0941496884
0908190024
0826655647
0856438430
0564435445
0923106958
0962954021
0335017741
0937395404
0354215352
0927029577
0988829303
0947142040
0909756434
0366111713
0907583006
0981294969
0328389188
0832834335
0817005656
0395291260
0328619914
0713158532
0773973743
0932124240
0836222776
0585322283
0365863693
0375676160
0334094601
0392323499
0916840628
0383261171
0908820307
0712026562
0924178316
0937720647
0978178474
0377334656
0976512033
0583276290
0939532124
0933718660
0336884442
0395970574
0366503350
0364425006
0785444698
0378970363
0566551002
0828897988
0717631803
0909941216
0943239636
0946119011
0963567252
0987613900
0347979710
0908852348
0839397366
0586199115
0366099830
0582222306
0375362194
0367870957
0392228255
0394195090
0336922335
0977698878
0347785132
0906980627
0945986000
0904918143
0392849887
0583009300
0392495067
0764065181
0564125748
0712334144
0937756654
0338423520
0977990754
0357466340
0717351952
0924519077
0907181924
0569462004
0948808478
0566746756
0789994033
0994609636
0375819676
0365208900
0944609371
0835673623
0583112162
0567149078
0584922085
0719931167
0356519000
0928385366
0566386364
0909086473
0941679406
0367532882
0364435200
0375041338
0983440737
0964659481
0974523723
0942267347
0978009598
0932783989
0356666914
0902019797
0719644214
0705007406
0969912606
0367601728
0359122915
0568400468
0392174897
0386655552
0968405247
0838250943
0966281154
0938366681
0366554239
0365975185
0858375169
0393417372
0907977005
0839868025
0355812565
0961406949
0396093299
0819534668
0972696426
0396377617
0938745545
0967375797
0718606860
0338322642
0812727032
0358530721
0963581831
0583797558
0963606578
0903215934
0329006966
0838434437
0902630763
0929455789
0393438644
0919945266
0707157940
0901486559
0978623642
0936087103
0366924351
0993984298
0337027174
0347621674
0937959990
0389384665
0394024239
0779954346
0708316039
0566837484
0377708204
0585363216
0853149997
0784038810
0965767722
0374243645
0335233401
0909769869
0356170471
0392244117
0944669774
0569935304
0784537567
0902904531
0338672662
0767106493
0978686176
0582311034
0938573009
0718987996
0906432372
0947664933
0839870787
0939733712
0339969478
0813200123
0989666178
0392113149
0907483509
0585948258
0972246541
0945635267
0902298971
0569004288
0355086096
0933172422
0903582530
0984431193
0988028820
0582299182
0583390059
0905622599
0935442604
0564535949
0564567360
0931481248
0932567660
0328209881
0823812072
0352766619
0354844920
0389012143
0918211095
0342352184
0353214834
0339814315
0908535608
0812735359
0986549291
0939819779
0922979676
0372553879
0718637880
0354656029
0916252181
0354358864
0939853796
0837115457
0564318494
0355222883
0567012510
0922847882
0984257921
0376176909
0334573290
0362331204
0922817842
0568396520
0903407045
0925834041
0764547008
0566839649
0583521239
0963587347
0333572246
0367471065
0344691136
0903922243
0902952338
0342280550
0966696572
0354662891
0937507075
0713429629
0931298051
0949186246
0925672125
0846717178
0362612648
0377897874
0382630263
0369792411
0933064656
0968011348
0988106134
0564835236
0582663785
0947788096
0347105712
0926332557
0911547461
0901320577
0906260952
0782901128
0344287344
0903074823
0379477785
0908919907
0335599244
0926696213
0329629402
0944994540
0326060760
0344275763
0963167923
0353631343
0345863451
0398349930
0933669451
0919259075
0396928435
0396216065
0589583072
0962220270
0906326697
0914793281
0962425239
0908379732
0932248544
0942319072
0833084860
0902429148
0902749218
0344652453
0987454984
0963516276
0937493946
0972931570
0945341691
0976003805
0988100838
0972119840
0389966602
0563533324
0937293907
0917641444
0927211217
0768020087
0386197902
0344705685
0939636400
0773526489
0901656363
0946140123
0937456076
0975747072
0353772472
0587669511
0936703040
0342531002
0986238985
0789065318
0775961367
0925224453
0858968171
0355145662
0974698900
0976366766
0904517827
0964062095
0961012494
0966610400
0374732134
0945245567
0398581281
0395098230
0382840318
0397881852
0906319502
0823599424
0937346722
0367061748
0587279646
0923361353
0938973030
0589280001
0569611419
0815317319
0703151033
0358231796
0933951420
0394064364
0965594947
0583112104
0938298050
0339883896
0367575731
0367653293
0937688654
0972118044
0943467478
0569330179
0939779819
0829339948
0974884904
0909590020
0376003787
0909482926
0772932211
0767501268
0778794568
0976946991
0932745727
0777469279
0326509350
0909893351
0937266967
0353921098
0943053068
0933735331
0836231567
0983334600
0919936300
0981519380
0767095033
0909550454
0375669791
0939151989
0948778871
0565344042
0348288831
0948787980
0375953599
0968758896
0374674246
0922928722
0567446646
0901321419
0937892366
0916850569
0776604298
0393534445
0355946613
0918701880
0946060635
0979105185
0586160712
0907140601
0978260087
0394541121
0365097552
0988764403
0924286425
0377392129
0961169766
0382786294
0376455636
0837004849
0913687805
0912889247
0936704560
0339064555
0938471447
0838339477
0784861053
0908895402
0565713105
0981084042
0352327494
0365450555
0933919816
0395240132
0383860776
0344030443
0907689438
0828559154
0356229108
0943918946
0383436764
0855559334
0329174168
0348804931
0829308243
0354435430
0987868391
0979136502
0908094342
0935253842
0372219931
0349219241
0566118112
0345920556
0903802289
0584107636
0969808288
0964403775
0902304264
0902832770
0902115110
0925525441
0926041755
0348863396
0908447755
0342312715
0704965881
0937791202
0928565954
0976542173
0904934675
0966193482
0385362024
0718966643
0343459462
0392602132
0817173329
0714405097
0564818239
0346149596
0784240808
0389056979
0983137639
0909989557
0366504765
0983637590
0335897344
0339650385
0935806056
0772167794
0833017265
0975628405
0355273021
0942929639
0937527581
0385323928
0779041460
0395775880
0963752484
0919711197
0372078897
0567995967
0334579846
0786479657
0975642495
0973255654
0394275784
0918612931
0988021797
0778838631
0568956737
0854666880
0395940446
0326789744
0986847233
0978298692
0903014661
0706342420
0856603969
0367669057
0819570681
0365251679
0582162252
0366525378
0984911435
0384209863
0969425843
0838097252
0705245148
0972342167
0708704654
0397643152
0907017211
0704637436
0948230685
0947420077
0978311222
0765639881
0922235470
0567900394
0765865337
0919705963
0334598456
0948102906
0968057271
0938380984
0714805444
0333893875
0368483575
0589147370
0582171268
0946789728
0703609987
0702922300
0363899484
0909877115
0961438086
0916360046
0971516923
0389097880
0383477805
0912199743
0368906135
0907744053
0949739307
0388258336
0713472907
0398327504
0397188437
0848118879
0363989708
0927469332
0907277373
0935675539
0369000030
0569285629
0933169078
0712824277
0386336648
0908500852
0399329048
0817717017
0344770204
0354762405
0365179856
0399376061
0949506017
0967473372
0327449868
0395128894
0939719626
0764649941
0924034338
0772012200
0902817829
0965973175
0773005856
0839760757
0925959636
0368791609
0586483402
0355824103
0915656061
0764874275
0829471270
0377141429
0347272072
0359592009
0373418685
0932801580
0916678739
0387717678
0366527600
0363711775
0334138822
0339681755
0938171647
0934703363
0382407880
0812677889
0355525762
0379058960
0913877994
0375533499
0977062074
0784003725
0349658856
0339423505
0385856136
0393060447
0586128612
0377864240
0984746126
0977512912
0838066066
0933349838
0399524459
0368033611
0344607532
0936734851
0374967613
0397267042
0397035938
0918393712
0902950423
0373952972
0389256107
0926005759
0916918081
0937713690
0378296444
0914974170
0948989116
0344600395
0932678326
0355526636
0812737576
0712124812
0332561153
0936599537
0343879113
0928679741
0907879243
0901630686
0948454575
0582125255
0909120245
0923909845
0965887466
0386963933
0903344507
0934194357
0848581908
0982503992
0388941047
0784499728
0378606421
0937252345
0987751322
0335771799
0907597332
0334636354
0981726754
0337376336
0388488879
0926263649
0924163383
0363893897
0719734377
0716854288
0345717584
0927570182
0946286096
0356261296
0923139012
0398353524
0327849551
0775063454
0961230363
0772227707
0333727809
0367170195
0372429522
0931336585
0383253053
0583567002
0705862414
0783400529
0835841601
0374806061
0332654851
0368601623
0965535909
0568832720
0367508251
0352240885
0973283106
0363292377
0334731719
0966422401
0715997383
0948406244
0978910119
0981107043
0812712732
0939915150
0398231588
0392557586
0924357016
0335575913
0968816291
0363056016
0933484004
0333987926
0909584578
0714530376
0927209732
0939859642
0356139707
0352163230
0978922369
0779189993
0348890675
0945672015
0582422742
0717276586
0706576276
0348975950
0963534592
0937101181
0365765092
0376370574
0353849916
0373998449
0718054858
0376292442
0373763665
0909307050
0828375925
0946330943
0965720767
0383379470
0786363711
0582530882
0703357547
0583887377
0584072699
0962771572
0916644380
0989814944
0326912334
0925556235
0399256733
0982647912
0583515319
0345189157
0907456632
0832494074
0937179252
0779866415
0349474254
0911675863
0589831013
0362259763
0397416048
0345480197
0949261351
0854819770
0714736839
0943311208
0785750618
0568851796
0382553122
0973333665
0396745263
0327155230
0367369011
0586750475
0985772810
0377597521
0398088456
0372880181
0762187707
0836859506
0946070415
0917226396
0338840311
0717329611
0979156999
0332408545
0383959993
0719954333
0772623876
0783718933
0566812713
0569096392
0568943142
0935461758
0393162820
0342727216
0372894732
0908934441
0767136942
0909151133
0372198194
0942532571
0372755953
0986850084
0984179702
0355851574
0908193506
0563871308
0972341685
0379116997
0822324255
0589764086
0907793313
0585917251
0979532984
0924215277
0376014534
0938095235
0902579391
0373453741
0563638369
0908716550
0775417793
0938975215
0348988801
0971847866
0985998473
0377777574
0333074609
0945494630
0358999305
0975927808
0584177701
0977112744
0568893077
0715918179
0833556645
0375096969
0354636248
0826849880
0913110196
0986621024
0586349100
0918700711
0906797783
0962239981
0916042436
0853352039
0942558759
0362552283
0336803692
0857303473
0922608056
0367982313
0375359538
0327756353
0848585695
0364404689
0945227849
0927239578
0366452948
0779925289
0587130487
0589391894
0919319453
0348188584
0345022338
0935197939
0329577985
0937678325
0342672563
0396399587
0813626646
0329220211
0334459069
0378153933
0353843773
0339559137
0373232051
0773625482
0944987998
0354536291
0357033442
0395697506
0785138211
0786915335
0589142970
0708896631
0904740849
0383630903
0383860197
0712430161
0367493589
0354595852
0344972063
0937572794
0356888398
0914174251
0925359877
0348904533
0976331043
0982663575
0384256225
0346900911
0944523813
0352185453
0933163103
0332507169
0985570363
0967696116
0903250452
0568424342
0714340780
0902908249
0939298708
0587715023
0388446144
0776183163
0932129896
0589446669
0355699411
0933064366
0383339447
0927391520
0902767325
0945646999
0398428413
0948249697
0568630237
0902938939
0837183655
0349287719
0969737877
0566175634
0343408400
0933738336
0358384110
0353074770
0377871842
0902914079
0909586175
0584314316
0925680368
0935715489
0583123731
0704412260
0918236936
0356540948
0852060605
0563895368
0834826090
0847069537
0966451558
0948512379
0345322371
0584177602
0357121552
0979365290
0355510444
0328382330
0586715455
0858064903
0901940130
0766776676
0374761116
0587944450
0908243526
0984744472
0933635406
0704801758
0925712574
0378625473
0918126973
0375868399
0568882911
0976293418
0965498019
0914614025
0767784839
0938449465
0564958169
0988281045
0363720444
0389643060
0908686428
0567547004
0338653657
0967974938
0908233571
0923602016
0327999304
0326088532
0586802508
0931893118
0388005071
0399702040
0367933669
0856069789
0389966663
0911992243
0932738331
0937995163
0966145931
0564695069
0832655164
0824739255
0586540196
0919550283
0334114654
0383984344
0565294147
0938327577
0945454530
0902330209
0349571811
0785512573
0392075061
0858771002
0947520998
0969638515
0345254125
0977486262
0989343562
0563903906
0385693840
0903198121
0933215892
0923853123
0385489745
0393329782
0932956536
0717885756
0587967583
0983965965
0963631445
0934000266
0397321879
0961343457
0988649974
0343126854
0905931787
0397487506
0918012093
0567761237
0906193392
0983092333
0976774566
0394428539
0785685718
0373918395
0338206725
0393912327
0934892212
0385465280
0982432227
0837248690
0368725932
0837404466
0567762268
0785175201
0385452238
0356335997
0937378595
0904635745
0901942695
0987684199
0853846949
0393952547
0963748606
0932669575
0962626824
0854021008
0909622935
0384282794
0846868058
0586766426
0833594944
0779721791
0772090993
0948440050
0987467276
0907846203
0385768444
0706302767
0981406199
0924085859
0396623601
0765410465
0714449494
0915856331
0583892900
0987649709
0946011601
0586456990
0973528098
0978187336
0904420446
0989839679
0989561131
0362465242
0969003578
0348298232
0965049644
0963603847
0937108406
0972818013
0379919506
0355211566
0362266387
0903200419
0333355883
0928461170
0911458138
0778612531
0909371215
0569681811
0968608348
0933020072
0926975584
0352427188
0903352105
0388693513
0387500624
0374770797
0937836218
0396473226
0336679694
0357893108
0355710781
0779770789
0902628654
0328161858
0989934719
0924281548
0589832451
0978924625
0327969673
0947102682
0396951345
0926034508
0974812239
0938254248
0968031759
0944364655
0357583432
0993767067
0933374874
0844121091
0389785747
0948977350
0989444048
0902268347
0367048466
0386196451
0387194884
0396489527
0818789279
0714640704
0843464944
0967832923
0333539609
0567630186
0828407878
0986240579
0388648867
0356244379
0375907686
0982533902
0944971238
0976038314
0587103038
0565340262
0938587015
0945142039
0336016404
0352076543
0939505138
0901620050
0589287678
0765625471
0379739407
0903902793
0399609749
0932954584
0966270057
0788810543
0902885744
0717761778
0367475312
0974454927
0356878583
0566834582
0901658312
0396078238
0389973043
0964435690
0383775131
0564802976
0913753795
0982162427
0988988925
0343612339
0928230407
0388992854
0349230027
0923147255
0829100701
0935385024
0987861164
0583564173
0783446442
0372919008
0908685570
0777020068
0947501719
0906625499
0907113709
0349829169
0365902744
0567377637
0779105464
0713402835
0908027473
0339287258
0774853284
0395810081
0334300378
0944184453
0355512069
0908485479
0359860726
0995145933
0392955820
0344181725
0963520480
0707259000
0399086039
0364673348
0979450527
0966832322
0357235746
0763831865
0976607539
0934110203
0934087342
0942442975
0387254300
0395011890
0366991921
0825732452
0586855088
0569053876
0364279662
0949870511
0917208993
0586265204
0963094797
0937537491
0785362944
0398005338
0938626665
0974730695
0832511594
0979906885
0396273747
0358171750
0919460760
0907504060
0376710057
0906467504
0783922681
0966152382
0778437322
0979007377
0979293612
0334470149
0922522807
0362068177
0989927256
0394487893
0834985219
0775610889
0783373056
0943383937
0589859980
0367496235
0987923080
0974709283
0935130491
0919821011
0852565678
0939382129
0902904481
0965463679
0377482439
0817772877
0987545541
0393909458
0362917731
0943374191
0346905657
0944681880
0973557190
0974209141
0359280275
0988388083
0767027939
0988478785
0966547015
0927347464
0352900760
0919128522
0906656261
0772226253
0976613450
0377386358
0353516671
0949790812
0813234988
0923611405
0347424755
0933968937
0399643769
0944451500
0395152781
0948876741
0392740045
0909394381
0961212752
0975026036
0347562031
0703435471
0387353476
0364308570
0376127725
0716706051
0353950878
0348580713
0349564208
0369455955
0971058256
0367072959
0375796663
0962197487
0943811238
0908839664
0918371998
0936591775
0977993402
0907790579
0908557585
0352439160
0783669343
0977205911
0994165011
0354028931
0917769767
0397851988
0904459151
0908461559
0567770717
0777774181
0949666804
0764567448
0926023775
0983014252
0916312609
0936872806
0965213542
0945000745
0931450160
0363695216
0924471516
0964573071
0913831393
0934152527
0784577764
0327416651
0563835642
0978779740
0947223439
0844556645
0342739095
0359986980
0927404845
0789612904
0829220604
0326386236
0357258028
0374143946
0364969960
0377200753
0939537923
0947919060
0834453151
0336652354
0908937647
0938557174
0966769995
0938864282
0937988971
0924449886
0569481040
0774762959
0356207946
0332062842
0927653492
0369450042
0902718157
0332521464
0565310698
0969888797
0827375755
0929200074
0925151592
0789218744
0983414072
0989888196
0365560635
0905395209
0354088314
0964488090
0333235956
0902489448
0917679912
0936342472
0972006162
0949198487
0778144035
0977733949
0964348070
0933063066
0978330458
0922992311
0909744367
0827465959
0986622970
0858316726
0375260916
0909183771
0932209555
0848884028
0903672547
0948300328
0927815766
0329226800
0378798602
0583669274
0364826137
0939681624
0347223347
0911685055
0344175580
0707094067
0357537129
0349191757
0387132172
0918765155
0785450093
0382142428
0712297675
0931201113
0984849430
0379670433
0585774700
0941072028
0975319023
0932173274
0979120473
0358571994
0976505214
0941583639
0985963026
0981016715
0714328743
0836660121
0394017007
0379353615
0328908007
0937027276
0987131358
0993642522
0355223010
0907414536
0987898818
0718846402
0972684903
0784320216
0817113606
0819699909
0853479776
0907682097
0974705903
0589936616
0936205950
0971493942
0937040454
0368198655
0357556352
0947433278
0932919142
0586850198
0386350054
0773032567
0327778255
0947475615
0914497949
0362279754
0377707115
0857397150
0589013979
0938472134
0926283371
0939860490
0369614786
0335532783
0945661781
0386714494
0583550628
0909661015
0397687151
0395239197
0334023539
0383879322
0902306441
0948079173
0367311599
0937827260
0948821727
0568819660
0778831353
0585080686
0968890546
0338788648
0924237213
0968307260
0832543329
0565206787
0362434585
0919449059
0718041583
0583651189
0987359989
0366974022
0824567779
0977048248
0704739994
0844242939
0824666420
0333922933
0938087109
0563838998
0772825920
0834723279
0985666781
0949588385
0822881779
0395984176
0979284253
0961403267
0583466383
0365298784
0964901998
0845112929
0563877185
0979841560
0837700884
0348243513
0976322159
0712903736
0394465315
0973917527
0778089294
0389151370
0563471589
0388336212
0356804667
0908765420
0382347169
0563403079
0329329171
0338771793
0334221769
0978212559
0353111718
0907580418
0584308388
0906621928
0961975531
0569348974
0564576779
0328866014
0586996344
0967770959
0919337217
0986603917
0926806736
0366482152
0933272065
0355813221
0997917318
0337860375
0978783321
0948009590
0327808663
0589410210
0776943427
0968830593
0928965592
0353361323
0356929198
0908221010
0906276602
0908466632
0364531402
0935626065
0937762439
0932038499
0932984327
0981516196
0772670480
0976033030
0566861554
0564744564
0947767374
0963241927
0908626091
0961866616
0987897696
0988556181
0376186413
0352362705
0337775725
0968793231
0982126724
0703743709
0966909078
0339889580
0564133448
0397015056
0387368857
0392638244
0382505558
0909113889
0975769139
0902107243
0974978599
0374506754
0369587869
0915374935
0832579355
0379649464
0712012121
0353759005
0825717788
0948187092
0353291455
0966669877
0937953185
0978886877
0583114195
0342824591
0985702798
0935973573
0707187197
0382642153
0968573350
0909230022
0967047861
0972635436
0389293053
0388945632
0399281271
0368917828
0816038958
0398593393
0855468206
0398758189
0912288098
0943752605
0376880717
0388303154
0963760344
0348465467
0922286093
0327428893
0377578589
0718777532
0589867838
0945452907
0928264794
0388388980
0909271926
0586842132
0394836531
0362500179
0965292178
0982789494
0908974166
0338200789
0355919411
0975879690
0939641252
0946815458
0944831904
0938620979
0978024254
0398897250
0386324219
0966665627
0374922207
0776760236
0377015543
0327680636
0565357369
0362357028
0373606671
0374145905
0582878516
0942680707
0835043839
0964788482
0923903147
0937426080
0932696291
0908517339
0385540901
0563218779
0933088253
0988912973
0967915031
0377860714
0706397118
0984993527
0947819475
0356787075
0336559064
0357622824
0393065950
0386667068
0786556835
0363728160
0975469182
0924119496
0976899201
0855251797
0333552428
0925890459
0383876263
0965379731
0392306011
0903112289
0972682585
0334932869
0945657475
0829833789
0349342341
0584274940
0856734257
0961551701
0904586001
0772053866
0909656887
0564254164
0357978128
0713724468
0901437833
0855515574
0397972170
0353820385
0926539870
0782931916
0908116252
0984822519
0844820485
0927670402
0988478538
0385416162
0981609404
0702787443
0353708820
0357407676
0845858258
0364091575
0906082316
0949838490
0988400358
0978981741
0907569340
0568631362
0983970506
0932697853
0974128618
0385702580
0368449416
0335955456
0359805959
0926692725
0327069070
0389093009
0935141689
0963281904
0907558754
0844221381
0986075767
0347168885
0964837634
0582775468
0961853827
0963558090
0909014193
0923358994
0826681468
0961379086
0901632217
0922434677
0989939674
0833555345
0393288951
0564015546
0967009480
0377070803
0344426609
0923491261
0396160104
0383014305
0328024417
0713966602
0939422060
0334976576
0378989887
0394293274
0912431170
0333399009
0392390871
0817303483
0342418466
0563603436
0932740606
0382909562
0352378697
0399692051
0938441121
0972294229
0373178439
0355862012
0979892187
0906667687
0773609772
0346676229
0377564470
0336490663
0372806448
0949555146
0963987663
0335015739
0962613037
0355640620
0332750032
0376647430
0336317940
0988280974
0383193342
0766382181
0905989006
0938937929
0387833114
0935000276
0703031118
0339008867
0354635008
0919820884
0933873928
0969909817
0564483978
0374096631
0714862268
0947655177
0377121444
0786530227
0367982080
0394870405
0968632642
0369165305
0383505558
0856903838
0907553920
0388846908
0969755714
0352106520
0909447115
0349351959
0569473823
0973685878
0942135778
0583887455
0928632224
0329451143
0944466661
0582551179
0965373758
0949064556
0356135572
0909899925
0365793921
0914562325
0908409845
0905347470
0979953799
0714484841
0978819381
0969012661
0713434834
0915729507
0373770949
0342732979
0344956289
0937631722
0944369050
0326187957
0937741249
0779189292
0982778116
0365079249
0932277873
0374033554
0388414849
0937522490
0376926029
0585975759
0349819959
0327258954
0987732225
0393666466
0387874802
0974414319
0949045741
0586219291
0986867355
0352973600
0909978062
0367739393
0784948343
0935787645
0909654144
0933663674
0774910994
0932788295
0973488180
0786502934
0377246961
0919879493
0344712241
0375281069
0346404119
0974761568
0987890062
0783967490
0819280342
0347377748
0353780076
0942292669
0373684121
0567545711
0985050246
0932687102
0975271188
0567875453
0912645881
0369683378
0906754765
0564419316
0789716298
0715487089
0948750281
0909115150
0377558207
0974868148
0933498189
0327299919
0928798645
0367955886
0909022893
0585925761
0387911464
0764798276
0978008892
0975928528
0354862015
0703350310
0942424722
0909808928
0359115232
0369875719
0909219174
0916401144
0974272575
0785962539
0908758857
0564306100
0909321255
0568029337
0852127779
0915190313
0977587180
0925950622
0565204849
0764960764
0931236322
0916042436
0937007625
0908233259
0352814108
0769875426
0364778652
0827979044
0332854445
0977039346
0964198447
0905436972
0903620702
0785039225
0389734975
0946999959
0582911146
0977505250
0837651562
0926540906
0828841919
0565142228
0718275177
0968373355
0396810518
0966903293
0589032778
0704712478
0903222010
0387047773
0937465490
0963425328
0328806203
0908726373
0973645334
0969826617
0987294822
0353600602
0943119478
0338779989
0937063237
0907121718
0931559952
0909231621
0965896333
0773240024
0333562914
0983366771
0979475552
0375767388
0985709376
0986662644
0768077901
0376869622
0911945579
0973310937
0777227011
0978992256
0965872484
0783639851
0715497759
0917712233
0394595021
0586996508
0969469056
0344943695
0366444146
0333004296
0339056081
0931294754
0933652336
0707487684
0903641013
0983989826
0359882089
0586368832
0789988143
0363014379
0346022514
0901655381
0374572072
0566340729
0399636014
0567544148
0939842141
0367810493
0394548101
0354556819
0329159355
0776810127
0586511272
0563465251
0338439566
0939231489
0935327186
0988134222
0582222072
0714899555
0564895270
0396165787
0906978677
0916944456
0817929062
0585580365
0397926756
0396702971
0927604652
0365438760
0563505175
0348326375
0395153125
0343564357
0989679610
0383301782
0985101948
0354612378
0586094245
0336716478
0902699668
0946565030
0949939785
0397920893
0399967191
0389284688
0337423050
0969560916
0852455096
0785636135
0977800412
0913413803
0926691669
0927072447
0927234997
0582022180
0345242993
0923883266
0347519452
0785204542
0394023643
0976439473
0355517325
0944563457
0393539956
0586331512
0378753103
0925279092
0395346332
0785050579
0717862676
0567544788
0339948944
0355941316
0362880084
0354632719
0394439033
0587308309
0364988780
0944547805
0396068381
0933427273
0397537828
0985907914
0385762553
0585202279
0563098676
0944337537
0589957003
0948972393
0784850058
0975896563
0932813062
0336575633
0357747665
0388275199
0816735467
0945706849
0902737774
0989555192
0336592448
0328371152
0388618332
0984584697
0372477259
0909139629
0587905003
0944308557
0926952095
0826463724
0979726104
0908970228
0383901590
0359305470
0902927990
0355890240
0926024142
0974483622
0563459336
0908045850
0335164789
0776793700
0377123840
0584893823
0327664354
0969553401
0849004949
0985705953
0358679112
0355959800
0587667577
0706806072
0365332618
0946008072
0903139522
0397944549
0362526305
0764565451
0765744789
0931425154
0362622617
0937310431
0968429076
0392949514
0393130006
0714916868
0932862086
0382945042
0568441776
0988877421
0337340644
0917630087
0934645075
0933318329
0928068664
0353879955
0376178687
0985410372
0385671931
0354249094
0348258280
0988950217
0707401048
0927404158
0967547478
0906797535
0906650339
0766183244
0783979650
0564148920
0819454900
0586791053
0389502711
0946854427
0568803615
0927988341
0379827221
0981871363
0346730795
0964958085
0911336733
0965257863
0824116661
0935914740
0366070400
0967266040
0965228748
0353908315
0358955256
0934957773
0587877092
0918610618
0356094230
0387174040
0366764826
0357617674
0903318113
0925993852
0393382441
0931814421
0708695754
0326362929
0568410003
0928982067
0938074747
0907406449
0355201943
0368101012
0382835586
0569194120
0373540763
0993432732
0923088827
0716161559
0936180473
0583292353
0384848089
0348854097
0393818515
0365224537
0937188006
0902737455
0903196601
0829990930
0712233431
0712974793
0832752041
0568577448
0937863628
0918714838
0984563761
0567864349
0567024568
0359372970
0852680438
0944886096
0389449502
0969184464
0935544214
0336810042
0976223363
0763558743
0358864445
0563629785
0938958925
0348466281
0949036617
0379443847
0383535623
0383335132
0977318380
0985140903
0348931494
0932646949
0785172478
0714418713
0336922513
0358322319
0919919089
0907754488
0566593841
0944876258
0932180284
0973367821
0976907614
0388109383
0364424999
0778090767
0333992337
0986618747
0976923533
0564792379
0785890342
0784400374
0399850663
0937448726
0919012927
0396194675
0939456122
0327000466
0363361326
0373295676
0566838192
0834744546
0719797882
0707018047
0823663272
0394483033
0347345700
0813810099
0987811426
0399242038
0788793545
0569676147
0939018558
0918440091
0327291619
0379198869
0946372378
0566177115
0924287641
0978294049
0399049159
0937320056
0837641827
0941308737
0914674447
0346282889
0915880044
0379962898
0385207458
0372615137
0905728068
0715454431
0784794935
0942299094
0568301727
0977862329
0963512425
0395586603
0969736552
0348247237
0369894745
0944333484
0568310831
0979164405
0961389393
0772795486
0583009210
0975007783
0856249419
0836355288
0388577728
0394758598
0335935945
0718475544
0392957931
0949355738
0945896170
0902381505
0948809622
0563348133
0569553940
0335872149
0762937689
0961450000
0345397240
0332176768
0383968261
0364808545
0922692319
0785149646
0583454609
0568032782
0944976403
0972471551
0812727787
0903270120
0985275456
0928728050
0849399099
0973522500
0973739393
0389127181
0368016473
0354492802
0386906292
0395213338
0942354219
0358913297
0904779059
0987000703
0988965363
0779422213
0336411019
0924679615
0907190444
0902153866
0357268606
0393237586
0378436652
0334839923
0908270918
0344115442
0982916837
0358197910
0925297427
0989031874
0384287579
0328011072
0332184839
0346446698
0973776411
0962647039
0832493537
0345466833
0823698477
0377861256
0336206634
0968800622
0379845195
0917662636
0343148232
0329958089
0909437485
0397038615
0919147201
0337775627
0774892679
0394321722
0368502733
0812053486
0343652051
0933600260
0582959051
0919112171
0329437350
0922815088
0937917873
0917232166
0845774976
0333808584
0386279894
0399749441
0914471519
0925441292
0763735498
0943631231
0942112554
0927540211
0911685332
0967873924
0941714339
0586626590
0566594220
0909204704
0376501743
0907693277
0963635499
0388134401
0369456443
0965599391
0382071040
0939297794
0903589561
0383021204
0829119604
0932053603
0564428038
0933828688
0347451455
0566278651
0967155565
0979294670
0933693301
0933399295
0908402254
0968364366
0362857619
0972468095
0967648725
0387132031
0352931673
0918467401
0568900147
0987727097
0986587834
0988745758
0389892263
0984222200
0765114050
0374300164
0973432299
0356624317
0378271589
0352357578
0923182007
0945494946
0567290027
0564500451
0946640636
0825654342
0993945294
0936157144
0901263178
0364961293
0352363313
0819978799
0937802556
0568033343
0933114734
0569301800
0933934824
0926352909
0966515679
0902400454
0973606309
0369820429
0357970718
0363063041
0336203104
0981054225
0565440832
0375618251
0946715959
0933254588
0928015004
0926535539
0356887447
0585228025
0584146190
0969005365
0569590905
0393910724
0353120631
0346781187
0965389837
0963253532
0386372681
0399536147
0764005512
0344079637
0335030799
0384425867
0906467776
0973747782
0338967358
0906856098
0907804128
0375599225
0567506522
0973254627
0786153818
0375492092
0346684603
0396454201
0356715993
0911677401
0786554509
0933835395
0832833339
0973192343
0932661332
0342629702
0378460908
0334468435
0909509263
0335261229
0703199647
0764374498
0388133061
0933800979
0966353045
0986471621
0932422571
0932207253
0715335295
0859273821
0833150407
0388641113
0399913382
0345750694
0973673498
0344279217
0989378034
0767599145
0947462595
0946125257
0784749811
0856220930
0938346104
0399822195
0374364068
0567515634
0942258484
0582911583
0908654632
0927353486
0387846279
0334084483
0829808089
0909232413
0939083862
0712125675
0941747957
0357977931
0919820007
0332880727
0927073228
0568282297
0349594388
0394035769
0365378003
0994131089
0373110636
0585266407
0907098827
0335902476
0717904552
0933267565
0907275800
0378702995
0778088279
0585157919
0937864964
0983199570
0584364362
0339770389
0928586224
0939510031
0338418773
0785139260
0909687848
0348967778
0974574404
0398156424
0977109925
0978529356
0356235637
0834647179
0975544271
0568321504
0969760932
0842100044
0933690720
0338408621
0327261722
0917247836
0367546607
0962838956
0932727500
0388868112
0944556918
0937332123
0844808078
0907665135
0979734977
0902357319
0943555459
0984617021
0565742198
0384235280
0932743153
0378351513
0375509593
0927639584
0569149248
0967580003
0782989691
0835177739
0399072123
0972056446
0833669087
0926576608
0366656362
0367155477
0364311971
0364566647
0585758725
0327969388
0969622888
0945502458
0352512442
0349292867
0941080045
0917751627
0967600570
0354863715
0973792688
0383238337
0923850834
0356365633
0389776984
0369677379
0907530025
0824002442
0384830902
0589866895
0334935657
0933262655
0923147256
0857781295
0963853301
0816038808
0944781332
0779909059
0564708878
0989717508
0785519097
0366387172
0858771245
0933679450
0944852373
0336301090
0962512644
0375396381
0946566145
0342707189
0396264372
0942007379
0359170941
0772070508
0764984742
0392609696
0589151645
0989979814
0719576474
0989132662
0334101195
0939346852
0374112582
0587655020
0383704580
0383382121
0937084615
0788864142
0327712808
0783384162
0836236105
0822256856
0396782291
0373747070
0919984838
0988962191
0767534666
0905897476
0339571486
0816816690
0374807441
0909066880
0933178084
0356952783
0395654418
0364497888
0343010995
0354375229
0902630931
0358257066
0931043675
0714299892
0344996136
0588158050
0919103301
0327525021
0366900230
0963838560
0718993179
0933049350
0982388784
0968835537
0582732880
0713753106
0972651228
0362823891
0375569712
0708813804
0907244366
0963731458
0925208651
0933552755
0352463949
0336115273
0569337073
0973686833
0395552482
0832743636
0366216841
0918888951
0707850330
0707609621
0917188848
0827735072
0379057300
0909510931
0964371297
0983696330
0908910747
0354663498
0375656828
0813777793
0358373925
0356525984
0941815155
0946409447
0937038161
0348817693
0982606719
0395201425
0384245514
0378160185
0937529939
0353160073
0333679767
0348858060
0586158878
0569500549
0383115929
0396173989
0908521737
0933915950
0902410457
0909889859
0398693332
0964964602
0989940210
0986233389
0966979858
0337364262
0989081489
0568777227
0933708284
0834363279
0589089742
0932710334
0989435464
0397831891
0363820999
0908151287
0979820379
0984572433
0981346342
0902533409
0981018772
0943333097
0837378570
0768906367
0582329464
0382692592
0947758991
0779758761
0976479595
0989211125
0345735723
0707350231
0397975626
0982105525
0832303233
0929289030
0969686665
0582426409
0394441034
0589904533
0338991047
0914708529
0987002392
0983110977
0909305673
0343831056
0567825265
0933358131
0844337339
0786066963
0395070112
0378080011
0346167642
0355084131
0566547315
0925856929
0326491850
0987896949
0377195803
0783244806
0367674511
0398638827
0945370028
0937118099
0939355791
0567260162
0982184818
0963324037
0989946822
0907025581
0589623323
0919951625
0938793887
0919149426
0926650200
0983229484
0966623001
0945947463
0944174797
0902964005
0785355444
0767577669
0585360388
0989299675
0707086204
0586806369
0834020202
0835685057
0902920207
0344652246
0589443528
0983104224
0932786198
0386426179
0966360615
0907928758
0354118061
0712508714
0913191666
0326291008
0937621534
0377757713
0907288827
0943275087
0358293258
0563184161
0928794010
0922082140
0982319465
0565263080
0982378449
0949760604
0374576052
0369721385
0384235204
0389237702
0399450068
0377039459
0835309607
0844815854
0973293191
0987881166
0372292907
0782444049
0937479949
0937077394
0945212055
0325899867
0974128828
0948848517
0916059769
0965091545
0908610174
0971344465
0589450955
0329672852
0948842144
0904489903
0932024280
0963181164
0933866169
0961199062
0916655243
0346673251
0906466931
0777436812
0947920477
0856950488
0344199587
0788545409
0365941755
0937626093
0981841677
0916867453
0568044859
0342120792
0939077963
0819282610
0859368689
0332221024
0362358143
0784542545
0329798644
0383617091
0372092504
0335558890
0365493373
0327954606
0564529530
0923382479
0963017216
0717112141
0712126970
0346434505
0923716139
0926419096
0353552509
0903843038
0376968444
0714251817
0568378157
0569957836
0586832257
0382285100
0908522043
0937917903
0362770571
0832302785
0835206208
0352969690
0326747822
0392663743
0824777838
0367705663
0713840936
0345297824
0966577588
0963951321
0332150255
0374115657
0926691494
0354633690
0399997231
0963937842
0971261358
0395387619
0907746036
0915226262
0369222905
0777733313
0382283822
0566474305
0347984055
0382806085
0352422786
0962936835
0394338233
0923587587
0785169126
0585436604
0563875878
0396381854
0388866068
0933893528
0906740326
0989829055
0901693407
0344128233
0949090927
0996638639
0963900374
0399551077
0375662735
0582459553
0965374775
0356131400
0774766217
0393337042
0373968684
0933644648
0379926988
0985736323
0329375626
0987003925
0582891862
0346714414
0942409719
0989930720
0834510010
0948090784
0902936327
0717064743
0932124125
0347403537
0932617530
0933799459
0764626206
0335047817
0327978556
0349366639
0972161840
0946188561
0814345974
0974724230
0783285258
0399295805
0565158048
0386741942
0372331190
0768180134
0357725731
0943099425
0376114168
0848585450
0589704218
0784706595
0909999910
0768226926
0979888625
0328482526
0937356645
0327271501
0786148046
0927167356
0372620629
0344412148
0342271772
0375984497
0933186488
0822743979
0944310430
0356389431
0563342118
0937041370
0969254105
0944034102
0347910587
0973924755
0583395077
0973497332
0589798382
0972278027
0948844059
0949804026
0352821753
0928068343
0969197455
0833561328
0377389419
0974595744
0976592749
0346215638
0927223758
0908444089
0589095995
0384669525
0907937048
0907137802
0336990432
0349951333
0774053032
0774611180
0939130729
0971249889
0939983679
0583242537
0976306969
0987920314
0567421129
0966787440
0839314368
0593723490
0343117342
0374542423
0938672430
0941833494
0944475094
0352171984
0924608097
0587343338
0919979193
0908621676
0962183814
0965668757
0927076136
0942877894
0397921318
0376502591
0926390929
0589890355
0962381675
0336431359
0787585078
0392548933
0984443071
0585472304
0364859839
0914573949
0834321882
0979045195
0396187978
0373823335
0367099277
0914899411
0567630195
0365316377
0988446716
0774144603
0938262469
0938777972
0974213889
0568705443
0342066131
0365015293
0375615482
0379875231
0329606053
0786153788
0908464163
0786272680
0933914251
0909245604
0853325504
0977662873
0936551109
0564156400
0903251206
0937695967
0373766893
0819455590
0973980501
0969403582
0587174452
0397416133
0384868350
0987322404
0378899565
0772477527
0377807538
0971752228
0972876492
0988536619
0834328090
0375092125
0968809948
0395636135
0939326477
0589201126
0379167147
0563825130
0395096973
0334898986
0584362656
0373000463
0334431078
0354354416
0977210339
0948673321
0397303411
0384944928
0933823513
0367465000
0784169694
0996477814
0987920434
0368924233
0829997429
0981785497
0589173465
0326490219
0903616493
0908063505
0379680803
0836975017
0838370733
0925514358
0343037688
0565479537
0354917974
0384511231
0395987743
0986728140
0587993341
0584572271
0988913378
0911081919
0393507549
0339529799
0943675594
0583246812
0947511936
0903810838
0979982451
0909250203
0947676570
0944779114
0328573643
0902475747
0379944161
0947791800
0703331657
0327839800
0715905050
0927234033
0987524466
0906555921
0949494439
0399248996
0928262867
0969303182
0776944385
0979103016
0329555187
0392964167
0984581509
0326124224
0974549047
0925680780
0935121663
0981660388
0355194567
0708674448
0372774235
0933315887
0384853234
0582426387
0375939004
0986895850
0836185448
0908079750
0329492111
0718871507
0342423006
0909071926
0939792925
0563816235
0393709951
0356379180
0964365042
0375517724
0909303328
0924312464
0938441825
0919096468
0909799925
0966269858
0334517729
0333884977
0914250748
0925967783
0364485888
0366441729
0933172321
0344500057
0772115192
0975145997
0776905374
0927120425
0395522379
0979717082
0973419347
0983191641
0974379850
0388448110
0338764858
0916527778
0363977293
0909291833
0582152430
0983070432
0969943379
0364491169
0962062417
0922081387
0353757839
0924451639
0967334553
0396023109
0928504621
0356244985
0944943951
0829429773
0375994595
0856791314
0962660869
0379148225
0928095715
0783694899
0387679469
0365452678
0933709444
0962845465
0944990689
0568070665
0933456551
0583183215
0354574586
0376682782
0933104669
0901410402
0394667495
0903159089
0927830127
0363515650
0358052174
0392535852
0376574401
0719970170
0977941911
0974161139
0975290403
0978519886
0345952658
0368341319
0988809711
0352941202
0339757984
0919220047
0399571396
0714875353
0986653990
0379017665
0911686238
0366328163
0984259689
0923878313
0903097149
0971881408
0924356320
0972163138
0937313868
0582416853
0388629558
0982423414
0375299349
0943923686
0762814844
0857707577
0768783072
0328181322
0834851845
0913686963
0853951666
0326347927
0984137836
0565110073
0911695196
0566474718
0786422771
0816161092
0568630455
0938293631
0914357255
0963843123
0982741160
0367770785
0349806140
0941768779
0564144308
0835905950
0903578724
0987137899
0903649383
0379027626
0383843344
0368275174
0357462915
0977802100
0908327473
0713951912
0925992088
0905253889
0356246515
0916766465
0582253856
0773149206
0902502363
0389407675
0965024940
0566424953
0767363788
0374768018
0387846386
0368678132
0376736825
0379822368
0912488533
0918603231
0337770014
0342831274
0825760016
0987750063
0945206992
0586599311
0345269919
0339141316
0704082364
0384566943
0944911202
0917270454
0387045320
0344018072
0983700759
0346293555
0945783521
0706860867
0368508983
0349003471
0776707029
0567989267
0986001897
0948397162
0944348032
0336908727
0933841847
0942397168
0342684484
0567003977
0938445019
0916790033
0936549754
0939373846
0704859990
0976518009
0568946704
0582437158
0965715512
0335721597
0378415521
0907469809
0968567434
0712526773
0903085821
0963606926
0924315038
0922039073
0762859557
0829567582
0376067944
0967247859
0911873883
0327060855
0819455516
0819082607
0967182164
0382144451
0932608240
0346726244
0989535431
0946032085
0338879389
0583922167
0589336250
0923196840
0938247045
0925685387
0917776972
0988721065
0395686421
0964998073
0916455453
0925817057
0966446290
0908660613
0563836460
0568714224
0916345644
0969223526
0716085676
0911737215
0383873149
0363514663
0979680787
0372906036
0965812101
0926728960
0349733414
0335321283
0568962710
0943684952
0901030892
0382509481
0339499826
0913999108
0965215953
0354322423
0906260693
0905516567
0392279406
0905380212
0393301787
0981819704
0983332654
0968360235
0905282867
0967883896
0907496004
0848094969
0933185677
0975717229
0967912025
0353515082
0364367381
0818595992
0362448978
0909484171
0332078935
0585563744
0569396488
0947376809
0379692182
0785622420
0703668212
0783466567
0399096744
0357951616
0908085073
0335799162
0374188327
0384388485
0948680474
0359720673
0941444910
0902464351
0968150179
0944333550
0972592447
0937851622
0365095659
0818060070
0355162106
0917682333
0853667776
0396263637
0587800436
0947290179
0934330819
0785713827
0712703422
0837575375
0348970968
0379601017
0353485422
0584191484
0969584979
0946977944
0564688789
0337059919
0906875160
0918478170
0934011649
0388184162
0338615069
0366339451
0763897879
0818162436
0964153060
0961092115
0344596879
0569509305
0777088430
0399622640
0963728757
0385202988
0359483308
0928055250
0948957896
0719454046
0967394829
0973073904
0364723824
0332807168
0986626835
0834401415
0974636136
0967068192
0762707727
0563463031
0979872489
0773844077
0932070066
0377547770
0372945228
0773635065
0355268363
0567543985
0945178131
0394331438
0969345040
0974898733
0922828184
0377200577
0963008146
0943410058
0975548484
0585438115
0387766323
0969426645
0589497110
0909138563
0902550254
0567677526
0338854941
0979450597
0985020797
0389130531
0786191559
0825838878
0718863633
0392770173
0989107204
0916023778
0393844513
0937660994
0969192464
0859349910
0823101639
0383282027
0932885795
0931401291
0393608389
0937487281
0774379900
0785238121
0942024252
0917278299
0786499782
0932069627
0976201417
0374674226
0817703552
0373006646
0707343436
0979092770
0355873717
0939024593
0383261205
0969886682
0963862109
0915697981
0372050737
0926824118
0375515921
0949161900
0347826333
0383627489
0356462679
0987825412
0388862971
0982877058
0374822056
0982325208
0963633785
0976586883
0925681816
0973791627
0359513946
0388277594
0347620862
0365665704
0566714719
0939965663
0358521356
0832864723
0976436767
0967650768
0924777142
0908714883
0336332118
0982446459
0568641718
0938915663
0378454016
0567002400
0945216822
0926543223
0978246031
0988642669
0362722509
0782386340
0354929701
0964552056
0344567056
0717173494
0379771214
0945424677
0567172483
0374726790
0942566634
0918701027
0392963246
0336303377
0388479557
0961635753
0715950190
0986841438
0937782384
0769935566
0843497949
0589105348
0944182238
0583156690
0911277424
0925500966
0397301325
0566400614
0364021819
0935699035
0355762253
0945787496
0372895877
0764802337
0949992793
0977511258
0393571299
0382248968
0373427754
0778923199
0388405613
0588153491
0979084360
0355433227
0933586393
0398551575
0934000072
0368235984
0823324616
0328925625
0947123687
0967153992
0364522538
0356245401
0777836972
0585343021
0372651780
0382973873
0354976358
0347396391
0364672088
0567543455
0829002610
0379874206
0976073048
0976515508
0918782830
0985104698
0827979539
0354848503
0974393788
0967408836
0967432818
0964018839
0933606818
0812829962
0358950689
0963263148
0858450455
0918924733
0563796900
0786412129
0963255852
0384890310
0333401420
0582659022
0346067142
0979237696
0718506033
0367169666
0353100844
0397148366
0918896832
0584281451
0362334077
0357559078
0932665640
0839293739
0347547542
0393630364
0589795762
0343155701
0702863144
0566144206
0716917271
0706628956
0926454585
0707698658
0377896827
0358328968
0934192988
0948231337
0945670315
0359847461
0974013662
0713461711
0917739420
0332101289
0968086364
0712575777
0975775923
0583155696
0388980012
0388914600
0933375492
0972745653
0332319134
0584928710
0903018757
0564696498
0388220851
0393924082
0768008787
0943849434
0786429031
0357397482
0908552872
0386351700
0387220399
0339888858
0367825690
0919830581
0824151079
0785496369
0398273242
0829990352
0832616061
0382348685
0338500024
0786263775
0395088611
0989638841
0855212898
0949271954
0383083115
0935329800
0963210806
0922306572
0396324781
0786363252
0944949829
0357499768
0345693671
0968456477
0996600301
0359890980
0941515680
0374281707
0902388815
0942391269
0964064170
0765891827
0784834606
0979536436
0327258685
0362815837
0328405670
0973861625
0398389638
0363110485
0979888745
0969126495
0374438762
0589957101
0346189718
0585702748
0704518867
0329293902
0778990009
0933272705
0908823638
0566177441
0383814740
0942647329
0818881116
0783762293
0922362969
0928882837
0373837901
0568396418
0772078817
0973204435
0563737365
0383884645
0932869279
0837424386
0949949242
0923640772
0397049235
0378315357
0916232131
0925152300
0715917560
0988820819
0918561118
0939459197
0788039441
0917492841
0783576612
0975353073
0378003123
0352156639
0334366851
0389206100
0719528620
0977853679
0389029575
0394536104
0987754112
0367251258
0383686139
0388558742
0969901784
0916767090
0344444103
0818729779
0354343073
0569605766
0979843644
0369082280
0928083929
0909815079
0333932341
0949938778
0374310725
0928496406
0948634576
0911395103
0974715257
0567352285
0364413759
0349946333
0378379649
0366251959
0985741161
0356246076
0817516517
0334303860
0587694421
0783612113
0923300429
0978837312
0901659300
0369422593
0399872182
0916567654
0969727607
0919004071
0917111134
0924673969
0927736374
0943230075
0713131615
0933764848
0704608906
0377312066
0392606642
0979202484
0773040577
0366550975
0762127336
0394956163
0373032515
0357786724
0586831423
0568229998
0388259596
0979220616
0983714724
0583697914
0989472530
0813430079
0387667859
0368166928
0949438952
0587330578
0359431720
0569879941
0377229998
0342709232
0396561347
0943760977
0988829834
0964019155
0396469346
0767404372
0914233606
0981918197
0917247316
0982052450
0368450222
0908516082
0569696102
0364330045
0938296241
0916277131
0565190513
0918920590
0354021405
0332382612
0934167755
0355704677
0349191518
0917766854
0399975773
0355338153
0586886832
0837248117
0945653569
0399104340
0382192005
0332667023
0388875743
0967559504
0568223306
0834700345
0703409315
0383749952
0392350000
0838451745
0373483768
0397975789
0971239596
0938256111
0349418718
0852086808
0947165113
0925400112
0989703948
0774935661
0973550125
0364868719
0384201104
0908871323
0923604292
0334140607
0971990903
0974886500
0352501518
0787447174
0908811782
0584776669
0945448345
0989687086
0384153453
0774744700
0815998122
0375985320
0967860470
0363297059
0366566003
0979011021
0347669074
0566412605
0937460987
0989323170
0382379734
0359007249
0567100551
0339315213
0374698254
0587563688
0853352581
0908328474
0392328734
0916244965
0973546282
0586446997
0569613775
0829011919
0368562665
0393176199
0366959679
0924708347
0564407894
0903170013
0589900761
0376165156
0386015304
0906915818
0389402268
0938654119
0945356070
0399562580
0937898303
0568383192
0964458146
0786286451
0563839023
0339644184
0368802969
0388198616
0352560799
0838107360
0936010565
0938211900
0785883869
0829608898
0564475530
0832427209
0945031177
0394696338
0376461866
0366221042
0583218395
0816089979
0344960410
0978282903
0969816929
0933177758
0393229914
0565155866
0909701628
0937675041
0703101305
0342592381
0766896830
0336352501
0902518704
0335774002
0962666047
0907033073
0914440727
0718736744
0354305478
0904315440
0366068522
0387388327
0356350448
0904144096
0778970521
0365087865
0329321797
0344051139
0359050405
0963553881
0353356015
0933778385
0902937446
0373937121
0389297059
0834564548
0368332487
0399535231
0908947239
0383314403
0988104715
0332049724
0937380007
0939201244
0343203156
0345752642
0329296662
0985096204
0393575630
0567201252
0785451076
0373697636
0939802737
0938697932
0567273087
0917067807
0826929583
0942331337
0353566980
0905343615
0928068773
0908885655
0942703738
0832345039
0347070181
0907599388
0368506667
0568849884
0718223304
0359985960
0934983751
0718755524
0388641647
0962525998
0785438583
0967287565
0399482799
0928249949
0966224276
0568900100
0909456233
0858781518
0563840594
0387722229
0838716668
0853521358
0394360114
0567437274
0961059399
0967978168
0569319682
0938650702
0328115283
0901366276
0564811687
0849977879
0902550586
0908228471
0712393610
0972225579
0367619610
0345246427
0938215605
0326688928
0355142603
0963803485
0937202100
0384700997
0368916553
0909793831
0368595754
0966103194
0364862575
0586195954
0387813381
0583990205
0933952011
0918019598
0367624483
0327395889
0944333402
0566771340
0949595204
0347186624
0971987630
0981641535
0394910093
0563836154
0582963800
0353209680
0355029562
0964795278
0974911491
0977353503
0934604528
0918700547
0789612214
0902481063
0365671286
0838939671
0782927928
0817775441
0909372528
0982713757
0855550278
0966022448
0378776334
0379763375
0933098048
0925791940
0374459757
0776540246
0398785437
0399532951
0568849814
0946910812
0566914156
0397115270
0981910292
0358444920
0906282134
0342221291
0986524606
0929197905
0927124359
0943315994
0336792481
0905606341
0916350039
0564835055
0977578090
0946947699
0826276461
0328579646
0383444410
0335687500
0387973727
0357818998
0765613603
0382924082
0363484992
0375939624
0941683538
0336227182
0396945122
0909202655
0342310991
0907401733
0947740851
0918756976
0564156342
0784999806
0393117245
0364876176
0934065758
0399403425
0967865532
0908764057
0964919332
0934068258
0783219373
0345528473
0358862577
0913087416
0376235843
0907921126
0963851561
0333639537
0823385563
0355377004
0937742165
0585563914
0942703906
0378408532
0712870505
0584985062
0582316672
0332710194
0933772123
0818347834
0907992001
0937091428
0369798944
0928564943
0567764557
0387294663
0586699884
0975693880
0919554674
0783703960
0926339633
0382318661
0347745194
0356142356
0586559472
0846388345
0332480820
0394028077
0933256357
0326059606
0944453272
0773841494
0586796973
0394992822
0366669832
0344344243
0589879946
0938867312
0937313991
0378061389
0963547958
0856929851
0329962709
0903970846
0939498775
0568106626
0974822083
0916629617
0967165090
0854474194
0932689212
0985253825
0327261915
0368501483
0374796587
0563261393
0966351746
0354986546
0333103943
0583241296
0947690979
0349699345
0907559674
0772167515
0908020159
0569054905
0996127501
0822929942
0359818641
0343555960
0368505565
0968926073
0762350599
0715164828
0965195143
0903883421
0916204859
0944040016
0914996244
0369863006
0857365965
0359601312
0564742700
0364449910
0986422099
0813314616
0764163913
0326604441
0774466474
0965536436
0922223172
0347708834
0932892933
0366654892
0389757447
0766868096
0813203383
0938878234
0355610037
0344251786
0978108998
0357310810
0908817915
0369944176
0914816387
0942864217
0397206055
0934401596
0354670037
0984477953
0906999725
0922847523
0583325269
0376307016
0945690190
0589111160
0385487076
0379589919
0364044544
0339310393
0923754669
0968665066
0376027967
0935368158
0979301202
0904931088
0368833043
0364673443
0923358110
0387083130
0933368141
0937116862
0768179677
0906794901
0826211261
0906615660
0564971275
0358310084
0335358300
0336987757
0944430359
0765687688
0589470993
0927781690
0763211806
0929394479
0354317004
0585425257
0347903783
0937225118
0329596474
0344005447
0362111634
0964410493
0328197470
0942904872
0387509094
0365480302
0365257172
0926757026
0717727505
0833960107
0352795541
0987026286
0357674342
0919038011
0931095425
0374998615
0989949549
0844148827
0932016808
0782565109
0364110081
0388908086
0908685549
0833988212
0785261215
0937734199
0787831124
0362334364
0702031622
0942646566
0345237107
0825082337
0839769269
0978760176
0355289522
0332415931
0586497620
0346113611
0346580074
0344715455
0907307013
0334537028
0932662116
0932176420
0589330717
0397973545
0833627365
0334043336
0386388638
0382347138
0336973966
0355604071
0386928955
0922961238
0927044140
0703870759
0376386660
0716345879
0938840903
0349891417
0356887605
0383163752
0971838948
0982939050
0329183256
0365171207
0373763436
0382541176
0568371699
0589837076
0964085847
0767402471
0908968652
0367944914
0564082065
0933915392
0564597872
0397798140
0925833259
0942762668
0765751249
0932940319
0377040661
0382806862
0345155394
0393833877
0389848204
0928379156
0367814140
0914496205
0969107319
0368976186
0334061932
0582619399
0398910013
0566162220
0982800078
0344650156
0844444726
0964334819
0986356741
0994867600
0372679273
0399483067
0366206581
0585539668
0917523467
0378192977
0913169728
0902005088
0927117991
0835004008
0982314437
0938581611
0985784144
0352446685
0373897261
0963142562
0384418595
0942250084
0919820918
0949316737
0582211127
0943046645
0712301666
0961814199
0903175316
0368263163
0933950018
0353743088
0362282755
0338397337
0326892860
0374874203
0389475505
0779629840
0394815758
0767609140
0903196827
0367524924
0926546993
0356046110
0976514313
0903164946
0582421703
0942929701
0933278271
0989033706
0944856061
0346124621
0394955568
0947806976
0967705079
0917094121
0989264618
0928145526
0909218919
0962320731
0775057417
0388714110
0966507101
0384956847
0337470579
0975984009
0327977845
0585588178
0786345456
0964616671
0926339336
0919369239
0563990343
0908214749
0704489568
0373014500
0783300231
0964353484
0963657848
0987655751
0373238478
0362275809
0355667307
0346353215
0372636105
0363581801
0902527354
0785277026
0982131224
0349812336
0335934364
0399093955
0358246131
0368852279
0907226932
0783322554
0967973874
0342626175
0989277746
0857124125
0949021095
0901381507
0984747833
0399929772
0907790330
0933650693
0903373403
0385580128
0907529799
0848686339
0948211439
0356148189
0774090499
0949172613
0354673725
0972586763
0966395315
0937732000
0933541787
0978517364
0913118976
0368116979
0939954221
0937912377
0972901404
0399970109
0342131855
0937633836
0327185506
0933221276
0366279814
0946937149
0779893359
0328683686
0975070200
0965098970
0933371082
0386881130
0942513992
0907146063
0383624798
0976494333
0345564321
0326275230
0357823649
0982839049
0903087075
0919711531
0937252654
0355222954
0859371089
0948647026
0399376456
0987762757
0368857359
0846524066
0988083416
0913938989
0568712321
0906064624
0394639729
0946960266
0764038685
0857434194
0382786268
0359793427
0933873194
0363171273
0372381128
0718732226
0708508187
0948196549
0967679919
0901206612
0366891196
0369984073
0949440406
0783484495
0916095901
0369183759
0987066183
0849155881
0949101595
0373219212
0328248885
0379376759
0917161631
0963968631
0378041656
0985468754
0943161725
0382557026
0984593308
0566234552
0355921816
0854315523
0343428058
0926035438
0584777829
0859371919
0352058180
0374657409
0976137192
0933139116
0913090587
0977566160
0971285917
0927367602
0778863069
0585718446
0565029087
0718937560
0988580720
0933034475
0582244118
0933905770
0583157004
0926093240
0981771007
0398005759
0984327463
0924453044
0359633703
0349081756
0358063706
0352520939
0846822779
0967179547
0369971834
0347523215
0925332221
0363857888
0983775707
0989724429
0382382323
0395494316
0823032769
0939565902
0718008935
0775978160
0348536640
0962396559
0328487368
0963965385
0348051530
0928072076
0929149714
0987302087
0979971834
0907535834
0582261162
0344976631
0937621369
0965656680
0333552271
0984803455
0853535542
0923704069
0585861617
0924100247
0382346370
0784147714
0353975111
0583084496
0937911672
0376063337
0344413197
0922364565
0395080331
0569211552
0768909545
0372645613
0917687930
0569525127
0857147878
0949222030
0912759322
0945298380
0944960617
0328737579
0374422065
0924303138
0385021054
0901660187
0356562092
0383873170
0937083386
0363549448
0372664618
0986616388
0769998931
0985345965
0356777041
0942049234
0564416117
0902058106
0819592106
0932133531
0963867058
0937675914
0349965524
0765144901
0961963647
0975617314
0943398804
0961956924
0354944559
0399229063
0982777729
0565118387
0961970373
0382754401
0369884955
0974923271
0948345450
0907139601
0774823565
0916225787
0933436762
0909088832
0768413654
0784679916
0564081358
0979505878
0934135733
0354495838
0908150201
0382178707
0982689181
0855795800
0904902372
0969593976
0989434588
0945773667
0375696807
0334923800
0367947666
0903352809
0927163709
0366293214
0938015320
0989434319
0774043946
0907793876
0904491249
0583387164
0376907281
0932664020
0987141212
0828380095
0974612840
0981902893
0775621883
0566448995
0976521122
0903579897
0943410454
0969641040
0947470052
0353590578
0859562739
0949861543
0335826657
0354021881
0366813316
0385645110
0939452743
0833987997
0813314878
0776733617
0357314254
0399892242
0785585105
0843956779
0966913049
0944244791
0564719242
0949620024
0337460457
0972456853
0366639023
0859801039
0977675369
0563307742
0355222774
0397087884
0939681607
0986045911
0326808283
0903888706
0375201884
0994439812
0832063639
0394882154
0964244177
0926100060
0859326096
0906792890
0773528736
0979460649
0372627539
0936113130
0985855092
0337837373
0961219966
0372707926
0905611676
0968757249
0939696970
0372483688
0355217290
0966061722
0938823273
0902434749
0344006340
0589982432
0336990441
0328613896
0982796711
0566916228
0346412837
0985639930
0348647657
0346443853
0939586359
0783698808
0935556457
0563273134
0585054201
0986098133
0774794174
0932188656
0719997807
0384498125
0369191522
0586767673
0908419126
0377283570
0916197707
0945656439
0386384099
0718594757
0346950550
0981799044
0329939151
0973220420
0389078406
0993325617
0712518506
0369491371
0974155243
0983487409
0823720292
0366461705
0567609872
0338989441
0949678371
0366121477
0354702402
0342993228
0585972660
0986573471
0382017164
0948844644
0786561532
0362253904
0707362508
0918308906
0334160180
0979535297
0814138939
0906223694
0919818323
0837304930
0327261038
0394171460
0979611194
0946687649
0825729383
0587964403
0387606145
0996565823
0982050655
0364895810
0938315610
0347212100
0348680785
0582495303
0356316657
0935119166
0387165287
0937804695
0397047853
0768126898
0939068352
0377430960
0357089791
0915370088
0355334051
0937054116
0355777767
0986169678
0988134320
0902527994
0927176073
0325133999
0384696056
0968765335
0855391833
0928799367
0854995204
0978387202
0908362513
0934641404
0937677749
0392408776
0563921409
0398086579
0344155493
0565155166
0397651751
0365730182
0937188379
0819903342
0363660664
0399057040
0365555661
0702728784
0397290926
0398631501
0768402471
0933365227
0395167352
0966475296
0357818192
0907891310
0356245992
0349522738
0339078453
0935902073
0939098457
0778904511
0332545855
0947920212
0947797772
0937906498
0989229040
0939933390
0932625173
0932627066
0941979802
0988447006
0914000767
0354330599
0966053992
0368060762
0702688074
0358827919
0394713327
0927988979
0969551939
0832428090
0367277771
0382408770
0932002414
0967676870
0939244061
0353839267
0812441993
0568044838
0933606414
0566195840
0326642114
0919705284
0982320407
0585195648
0937333238
0378188826
0396334714
0707537603
0902631092
0944449041
0979790506
0975644079
0926069609
0583318916
0583564184
0345223075
0973264372
0834243850
0949982091
0918129337
0908410247
0966554316
0587876968
0938120343
0968553312
0337874995
0944890897
0358422884
0354036732
0565481840
0357308009
0395288697
0937384139
0946314363
0564383629
0937823613
0395910815
0394322611
0986495601
0362567521
0826454999
0924731521
0908192302
0909107926
0769269222
0963341140
0939028802
0938164832
0938762729
0582585002
0933317280
0583631697
0853250060
0909009544
0907986591
0907016597
0393727414
0356276333
0568266065
0979309800
0378060725
0983373549
0372018374
0586262186
0984171017
0586896563
0393791268
0765457889
0979730538
0719545153
0347088765
0976101584
0788744066
0565175278
0326091056
0338960145
0949576790
0385373981
0393909624
0987801038
0333365540
0918896789
0934109934
0915150140
0965869152
0393912192
0902905393
0906702930
0369956690
0373998212
0343279633
0909416569
0967911032
0394032501
0969052321
0903582867
0704876561
0378406202
0946121565
0354574352
0364224926
0854310147
0379734627
0967006948
0563989831
0905888826
0346459405
0928396183
0712738212
0584279116
0987304424
0567373167
0774456769
0972242522
0332156653
0398869025
0336673040
0967789053
0708382839
0839736778
0397733512
0838834809
0589873803
0342281941
0967110160
0378074653
0764411096
0327444741
0333085817
0978454893
0589744720
0714386300
0352263373
0385825119
0397197584
0933851571
0779839984
0565161392
0974916597
0365455154
0919275148
0568634913
0949860997
0395691705
0908723113
0902143061
0394645095
0396991213
0906866619
0366868847
0966622749
0949605208
0347196703
0567558869
0584422532
0367640112
0943800819
0969957678
0349775478
0902434648
0349742131
0389979401
0334009548
0977321722
0783331478
0989594132
0387930502
0852598238
0586698668
0938653560
0387315079
0918430712
0937736677
0945705660
0988585393
0356824556
0838960482
0933392909
0354302897
0914334877
0937933603
0583348283
0989930896
0332493604
0978218583
0388794805
0946124366
0906861844
0916143939
0994114814
0927339472
0353247907
0938805020
0345455724
0918377754
0911703598
0708585129
0355162114
0938184055
0762922599
0945196006
0985703700
0824789987
0937389933
0962641482
0919212837
0937474550
0563969170
0964939847
0397592558
0977013276
0909825096
0762281488
0334520620
0365861281
0812268269
0938026372
0345023654
0915383876
0963842293
0768917501
0379204877
0976079120
0784871115
0927413606
0942100448
0704647779
0839782539
0829944311
0712692626
0399931657
0379442557
0384050969
0944637785
0354461482
0567796658
0712706368
0588033055
0393912120
0968888790
0939916566
0786116280
0346166928
0387200113
0967563219
0343957262
0567557297
0397040866
0337226660
0972023389
0368333793
0326841643
0356151899
0398323614
0364386888
0996588840
0589328348
0382775983
0366329203
0706578005
0566912975
0912907244
0983898457
0839595419
0372184238
0385221061
0338958334
0378575550
0392145879
0933443445
0938840866
0348533263
0985196661
0339315147
0916257339
0965764967
0363981304
0789992837
0976850709
0769395539
0567424580
0918982321
0972927141
0362289966
0903434173
0996531623
0385019670
0966885490
0563329574
0327890360
0839834467
0937577685
0334589620
0909427155
0565162407
0973697024
0352940666
0927195371
0815398539
0981512177
0767425215
0924203429
0988541507
0327088030
0822005292
0985090114
0398091386
0399129120
0937759990
0774570469
0945094811
0362720714
0352181270
0339022036
0812829091
0583235989
0345673727
0937432431
0387326017
0938777248
0776841397
0979342461
0908509239
0907800528
0348743034
0374143606
0972472758
0926223630
0911001811
0564809699
0366030079
0979089198
0937791497
0563944781
0712135784
0374674368
0328906355
0589787190
0933602732
0567615774
0353167006
0907221600
0363608405
0933684540
0945896574
0931297530
0937441465
0366675624
0966539482
0703216978
0334965282
0385025633
0909465377
0719120064
0949823024
0932767638
0827970779
0785010223
0397737938
0923353793
0342602087
0971826245
0928611123
0384033384
0386393267
0369864416
0393996359
0906962290
0358838802
0909994395
0944708881
0384183309
0946688421
0834873036
0369182987
0349852516
0394360248
0927695644
0354173536
0987358393
0357141936
0586669099
0857728963
0902581245
0944141393
0924241948
0908096084
0716949047
0919190053
0966555502
0366449387
0906756051
0333760059
0962127554
0567888234
0569503103
0363048118
0937872551
0942289167
0946857433
0358578456
0387074760
0965197208
0901659087
0377063648
0942706836
0584240706
0986447244
0968091089
0335151499
0352532999
0398522264
0981497298
0945055861
0355934881
0947717249
0379294151
0399154459
0339234987
0972005529
0368115602
0903462605
0333337886
0828400939
0981286676
0974644823
0983209525
0386255713
0786101516
0565127312
0563683862
0773136189
0707709967
0946894778
0344511576
0901235200
0927873125
0824027756
0908947047
0702817816
0919599655
0379524044
0397340220
0372616962
0918627570
0856929767
0947625803
0586092572
0969656300
0788877488
0939724416
0356076459
0937992782
0928439566
0567786652
0777990814
0985821514
0933275616
0338708662
0832081296
0974464575
0342543930
0925122810
0352100761
0567445334
0393923292
0368618914
0852626761
0393908972
0857442939
0764877358
0377121577
0717850409
0949506119
0362810002
0373307274
0355789070
0354762303
0977526008
0937707644
0378811261
0714321365
0589100454
0718332532
0566404761
0367267454
0907954122
0965509550
0352511516
0922306360
0563474403
0585806404
0966003249
0773898718
0375801758
0386476482
0926389882
0937993483
0783638920
0355255964
0396095140
0857840640
0947005671
0931773505
0365743736
0563113572
0832497097
0918367094
0354964151
0359862241
0939818895
0387777610
0359399167
0979350044
0908949010
0357786268
0974197032
0585756286
0908428046
0903101533
0908604408
0397475100
0379766227
0832300456
0909655502
0938452967
0783249209
0926178026
0583940306
0972730640
0362742709
0352166697
0779850489
0852995784
0918050550
0399484687
0971242087
0972823653
0946035034
0767864462
0385881326
0377188688
0827297929
0925578819
0988177406
0835343839
0346827160
0925948732
0348715081
0817778386
0563197397
0349806038
0365607642
0355807330
0938662876
0856034801
0856060125
0932598534
0343509447
0717224085
0776981767
0908777132
0587970396
0908404550
0916601325
0944921408
0715138927
0918895903
0785945090
0398561193
0908812499
0969533834
0916220620
0917303758
0585433962
0908995922
0383578847
0392582774
0356021788
0845875895
0346697907
0942220412
0969542320
0346675685
0924250871
0377737572
0939976324
0919742548
0379158580
0827139713
0972028382
0939922595
0563509480
0335233129
0856921858
0357977855
0913818140
0926339956
0927890113
0382896339
0962586346
0904187098
0949947969
0583252118
0566417089
0585444600
0589000069
0833669085
0911678178
0704591652
0356140482
0585655787
0975141599
0939854796
0359180108
0767923139
0365065270
0902583223
0328055870
0905192340
0384839686
0392195040
0924392674
0374618405
0336389846
0967036082
0584836820
0375166800
0819656048
0838191086
0373634542
0937954700
0712292831
0924939826
0901372799
0962094261
0362669047
0359296806
0944481202
0378683198
0937388408
0372725110
0977337986
0925255153
0924550521
0378782936
0906774891
0948130097
0934029477
0907234908
0353355915
0385838719
0937060272
0705158215
0962063099
0926392790
0365723830
0567102420
0567824447
0967282403
0387043362
0375377132
0338419898
0703492487
0852324273
0926363835
0332424282
0973871789
0854543171
0903685847
0933171630
0944071791
0563582225
0947204088
0909915709
0564542132
0902481614
0902859167
0903123266
0942905000
0586987175
0373951131
0387277464
0857929979
0974404878
0907925680
0372461007
0916891845
0973018644
0852252102
0568774899
0822003277
0393901658
0974338872
0393116479
0372893977
0369973873
0346461613
0589165965
0933876610
0769891415
0826029602
0818660505
0972467806
0817778684
0384644982
0933176344
0982723723
0587608556
0948825100
0779997451
0909078768
0337586218
0972874018
0835105204
0347724294
0844457497
0566508733
0908825711
0333301457
0976482626
0945815856
0382117907
0945935997
0909073471
0397976826
0356591915
0372238823
0715605626
0352809891
0832888619
0907288313
0333222824
0942310102
0359215644
0339070487
0565283420
0939304349
0949910205
0592272777
0823383451
0389717574
0965200294
0388519967
0599999039
0945846547
0768070824
0919900662
0915052439
0938608968
0946819819
0707063278
0583363255
0387580160
0823030730
0387290479
0982879479
0363114535
0368213119
0918888395
0773988893
0366265499
0989958798
0713735054
0566839144
0338912544
0387649158
0914550036
0907554173
0363681390
0971346258
0937359107
0834613513
0942927442
0855337472
0964451227
0966160051
0568323668
0812509095
0353526375
0984392679
0383041403
0335279193
0378940520
0326999055
0971209168
0974750025
0963671647
0564594559
0919297969
0933821662
0944994018
0397336252
0985208433
0327555540
0839798517
0589777106
0937379936
0855337797
0938889034
0919239741
0338689227
0909084147
0395510453
0335823408
0933785770
0918756866
0569073151
0344798178
0717477323
0901624443
0903214423
0917350867
0763972945
0773970934
0582453383
0345548083
0343164338
0353019848
0853363638
0937866106
0384660933
0813315045
0706771744
0979760979
0847113822
0966734854
0908959986
0966499843
0937505114
0347637397
0982871865
0937934677
0783219497
0587057714
0362955041
0923311744
0931558208
0976253810
0964238981
0906731601
0378991281
0587001545
0966085394
0988506806
0965058718
0917412274
0986909801
0907072930
0942384249
0966673503
0986817604
0586498513
0586513127
0384400460
0338114215
0918897778
0353119891
0925065201
0939006618
0906895161
0978192426
0382168695
0364544858
0819635555
0949376042
0902524662
0342224772
0785666443
0973273342
0565352149
0355087316
0944686223
0367055445
0974981093
0379477785
0354540032
0372718669
0916552338
0977858249
0946010840
0941656643
0977074586
0933582683
0924049673
0395123175
0352711010
0942939532
0398475292
0826959694
0339645336
0365120527
0329555118
0583625775
0839633922
0378972970
0356614655
0833964521
0386001367
0909303372
0399258379
0927077552
0945440809
0703916508
0392316662
0346416872
0568714757
0909122090
0968498075
0974180173
0395736052
0933478725
0345476402
0584030550
0854359369
0966835359
0569314491
0949724884
0583349269
0369314676
0933464456
0389660116
0326303735
0828012989
0997261576
0382172500
0813494992
0917899297
0374947121
0394606617
0909357472
0347715180
0942443557
0906676965
0359901548
0978718354
0935694353
0947236943
0976162753
0927495301
0389528038
0913817805
0984282758
0375154239
0984326607
0702435808
0941752372
0394567143
0345601230
0908024649
0565239590
0589420034
0964913357
0859248212
0948908672
0837094969
0775117567
0982637131
0563102939
0566366661
0563743971
0779666657
0977726802
0937847062
0938616859
0382105789
0378363244
0776943731
0373543170
0583166769
0783662499
0984301858
0942620223
0392110534
0334562791
0987904373
0938718429
0933318919
0903360382
0902938772
0354316460
0962309440
0346445675
0962219453
0901177626
0994742509
0765145940
0344171789
0978073931
0766402099
0383201641
0988638149
0974922730
0907533826
0946686939
0981568478
0832601665
0566162664
0358844817
0938861589
0375363645
0986964342
0767008361
0933878811
0396122932
0947063017
0335525354
0333113161
0358742950
0394077927
0967310481
0942260612
0949262310
0967388354
0906637839
0703098983
0944343141
0848571046
0914232270
0824182939
0912198354
0764903475
0788974860
0935053309
0786036441
0973712787
0368040232
0379699500
0988787920
0367055215
0377802912
0822969808
0909500376
0776566426
0905124203
0374143795
0326606014
0399140289
0374206337
0393909457
0829865870
0349540083
0939639506
0396601997
0386322213
0384947640
0357336616
0911590205
0927354170
0844808733
0943443210
0357576621
0925575838
0396710001
0332978797
0985992030
0392596884
0945127838
0326146266
0587917959
0908222157
0372474443
0812747168
0325200900
0917106229
0712702667
0567736209
0937254466
0348894244
0769791001
0772079951
0568709503
0946567119
0584977654
0914810843
0569125759
0784409357
0834241293
0585789820
0354801200
0583390069
0355004970
0348100440
0327551257
0919593787
0962530727
0852835237
0779930426
0397544303
0962073104
0961722949
0937077829
0396693423
0335321694
0565292413
0769794746
0399698773
0384012300
0368860270
0976521774
0914798980
0375022587
0913142576
0775007736
0352687812
0944383476
0334267681
0987002484
0826742107
0584778676
0399144300
0774728412
0397424958
0377307800
0922660063
0587931556
0368975819
0902800685
0903035377
0969072669
0349213665
0582996477
0369613800
0344093422
0779129878
0378136854
0389898069
0848139180
0708006698
0986479647
0353928399
0989072204
0587508375
0777139131
0996888078
0961328379
0338849511
0353212385
0387469152
0915955748
0989312141
0982851942
0353262483
0335450610
0949649065
0389653009
0832742465
0338192375
0817380907
0384057264
0584053128
0385430359
0932800875
0971552016
0333870833
0382104477
0349806156
0712949354
0569412307
0716388238
0365013640
0767013306
0339332729
0925369010
0564043302
0903329628
0988881839
0366708203
0335347621
0376127387
0788856363
0392926248
0336683765
0925944117
0382261684
0922364447
0375004551
0567112887
0387702523
0989688306
0704813955
0375122262
0973683578
0393976907
0984344324
0583175299
0939321677
0352177889
0948875355
0708686562
0347935881
0933722987
0925750712
0937864999
0932858585
0982423447
0925022902
0387664686
0813504680
0973003433
0944086681
0339402446
0987630244
0947078595
0924272334
0963838501
0968625318
0772998260
0339454278
0966162688
0938306964
0939165804
0939413500
0585429422
0985992286
0714211246
0768794661
0907636308
0376534414
0937140458
0971111263
0766597088
0582454080
0835155455
0823388189
0901437532
0336423467
0396110027
0368305035
0987171880
0909049954
0375632007
0567920238
0836808882
0814517408
0969009073
0333563205
0583500775
0937081559
0964164316
0906012559
0966636942
0706701810
0368302159
0357723695
0966694851
0964855051
0386661882
0848569606
0931800492
0589470933
0718304840
0903572597
0334252171
0718575372
0585751716
0357484366
0827947779
0328889799
0908294071
0582448734
0383631715
0965900814
0904198949
0357146839
0717462487
0985710450
0566331017
0837920039
0855556098
0563836909
0977448620
0356888503
0967174446
0773304358
0969881403
0336202391
0387332977
0387198796
0367877704
0585654032
0368783899
0337409892
0398387494
0823053510
0337934223
0704918976
0712502707
0931297216
0384244145
0942202048
0367856419
0917121616
0706651649
0354808230
0343787377
0947867891
0903081718
0564760990
0988797875
0583081998
0927387003
0963172472
0375064535
0339449772
0376118467
0334925175
0932616634
0967305107
0984580096
0366141213
0368297078
0907027138
0586626855
0326620858
0987931379
0398673722
0364665450
0713707622
0927417899
0582156055
0936047326
0712012699
0918893894
0762929042
0765482555
0961068106
0708072472
0382346194
0568500615
0947391438
0362015584
0986691483
0587909525
0345296808
0367285046
0925653302
0719635504
0348989129
0972715839
0336477593
0369136380
0917298568
0565352258
0973330922
0344984075
0918271237
0829021607
0377600652
0943913474
0765990910
0329344433
0902706809
0354597759
0347919990
0365084404
0916821342
0932433201
0587181118
0713734006
0715280113
0373888018
0826835474
0976414255
0352467034
0948549337
0963013533
0858346282
0346797971
0348750189
0569054402
0326992846
0918700424
0765481148
0964239817
0915857469
0355199939
0348111333
0917474007
0977020009
0902533262
0817112727
0971717444
0939245607
0344532400
0392887967
0905085045
0338855333
0382632206
0934887049
0923149029
0364304066
0839081448
0335080894
0987216967
0975589160
0918929886
0967737650
0973402401
0937009658
0949406235
0912271447
0385024885
0589797091
0778620662
0586829300
0767886247
0939983647
0337307484
0569504399
0907835113
0997139574
0394644111
0357912235
0929181597
0971313286
0372358889
0932203577
0358570992
0909476359
0855296992
0707372740
0385214709
0389791393
0339767714
0916098874
0858720863
0963180677
0949093019
0373790690
0354749503
0353394466
0934569704
0373832184
0392972075
0585696996
0902247232
0856624276
0961612990
0387720662
0912209395
0785971380
0976653067
0976590746
0833401717
0368665342
0834635567
0382096087
0343422883
0343344547
0982187414
0563838388
0356010887
0353049784
0582726634
0354481485
0919127744
0703209483
0918304105
0933800609
0367866142
0352084804
0949298999
0399113550
0582432238
0964709604
0907717939
0567012175
0839122779
0328513371
0366225339
0338621510
0387954765
0345283738
0338622617
0971575527
0972169401
0933837640
0855559404
0707174211
0978961411
0829818279
0396948317
0362198992
0338499552
0984239417
0935381070
0364372349
0358403114
0356724516
0368323880
0586990117
0714939507
0976962505
0817774151
0902822107
0354665088
0963205710
0977363244
0345319986
0586714459
0933543629
0326081760
0326161229
0943707719
0937094687
0975096274
0586455549
0369616180
0776905557
0584498849
0909166785
0783281968
0962942091
0382693592
0903858484
0965068792
0944388709
0933608992
0397831880
0339285456
0336597135
0786337875
0352221234
0785265920
0937906670
0948862045
0374144068
0944561210
0355750060
0964393510
0963887328
0977753586
0996795684
0933393785
0903827952
0345766867
0944988030
0903018981
0385569803
0392554070
0339526843
0332052990
0568032334
0785138195
0349971888
0382285860
0901424594
0328460492
0344775512
0567561853
0363179494
0589745471
0336293376
0948397112
0928679544
0398303879
0906373969
0394855090
0382907507
0916135939
0974187323
0779966932
0583900097
0397959328
0377701376
0397813594
0386925785
0966380934
0923597680
0377125987
0974795928
0706797705
0569716526
0385081229
0338112456
0329183309
0975898823
0938907970
0589786787
0333119567
0344915159
0702671257
0367626274
0348788399
0345143072
0393811812
0901656815
0989137673
0974457734
0989584312
0563181151
0563361257
0835657765
0717327175
0842249567
0834500667
0949415493
0828915789
0375533938
0367116571
0363260696
0907170060
0345637553
0359749499
0945484246
0777805963
0933244670
0913542520
0335194425
0336713616
0342487410
0985883848
0946284200
0353360020
0907117505
0354615934
0938963309
0936208150
0582083098
0949862127
0718483357
0567081751
0383867425
0567642967
0399516124
0359216492
0916515239
0582584599
0384041894
0569886217
0962175964
0964616642
0907968111
0384833986
0823954007
0587970629
0819222717
0399459449
0378890356
0969010754
0394552451
0928335408
0345192347
0844457555
0932117591
0393815051
0373474894
0358122931
0352557363
0911785638
0362099155
0933520613
0367733560
0347747368
0703210541
0965987165
0587539717
0909834669
0934326765
0333333878
0328473467
0366227722
0388422310
0364635594
0587985360
0949283229
0926025060
0836134253
0712513003
0392602596
0586655776
0328319383
0855132954
0975526946
0913547562
0915403248
0356906462
0973824122
0563071326
0589720694
0584180267
0329042917
0336123071
0582020072
0976839213
0923878717
0948784539
0933426223
0332605058
0938251736
0353416300
0943002507
0835529735
0587843195
0964743367
0332082751
0378363018
0587770104
0377892178
0981225599
0962427207
0842953979
0934475828
0909851609
0713836828
0704445575
0977273594
0364312093
0326243007
0987317645
0333863529
0333805302
0982521818
0353047097
0908136400
0933989220
0336002952
0994229020
0978909179
0909296454
0356245873
0947557503
0904159457
0902632765
0589783913
0826960481
0564941421
0363102733
0986570978
0399729127
0933000950
0366071302
0584197494
0389360032
0586259380
0343425409
0967661566
0358024262
0918840415
0768888396
0353053679
0933498161
0901008677
0345888802
0718190051
0395227955
0932877376
0945317123
0774857189
0782544527
0339183554
0813765668
0365792800
0938965526
0375827215
0382019717
0384349569
0377748495
0387141055
0902947276
0971927315
